100 100
103 108.853
106 117.423
109 125.726
112 133.777
115 141.589
118 149.174
121 156.544
124 163.707
127 170.674
130 177.452
133 184.048
136 190.469
139 196.719
142 202.804
145 208.727
148 214.492
151 220.101
154 225.557
157 230.86
160 236.013
163 241.015
166 245.868
169 250.57
172 255.121
175 259.521
178 263.769
181 267.864
184 271.803
187 275.585
190 279.21
193 282.674
196 285.976
199 289.114
202 292.086
205 294.89
208 297.525
211 299.987
214 302.275
217 304.388
220 306.323
223 308.08
226 309.655
229 311.049
232 312.26
235 313.286
238 314.127
241 314.782
244 315.25
247 315.531
250 315.625
253 315.531
256 315.25
259 314.782
262 314.127
265 313.286
268 312.26
271 311.049
274 309.655
277 308.08
280 306.323
283 304.388
286 302.275
289 299.987
292 297.525
295 294.89
298 292.086
301 289.114
304 285.976
307 282.674
310 279.21
313 275.585
316 271.803
319 267.864
322 263.769
325 259.521
328 255.121
331 250.57
334 245.868
337 241.015
340 236.013
343 230.86
346 225.557
349 220.101
352 214.492
355 208.727
358 202.804
361 196.719
364 190.469
367 184.048
370 177.452
373 170.674
376 163.707
379 156.544
382 149.174
385 141.589
388 133.777
391 125.726
394 117.423
397 108.853
400 100
